#TITLE:OMFG - Mashed Potatoes;
#SUBTITLE:;
#ARTIST:Unknown artist;
#TITLETRANSLIT:;
#SUBTITLETRANSLIT:;
#ARTISTTRANSLIT:;
#GENRE:;
#CREDIT:;
#BANNER:;
#BACKGROUND:;
#LYRICSPATH:;
#CDTITLE:;
#MUSIC:Potatoes.mp3;
#OFFSET:-0.600;
#SAMPLESTART:99.480;
#SAMPLELENGTH:12.000;
#SELECTABLE:YES;
#BPMS:0.000=120.000;
#STOPS:;
#BGCHANGES:;
#KEYSOUNDS:;

//---------------dance-single - Blank----------------
#NOTES:
     dance-single:
     Blank:
     Edit:
     1:
     -1.000,-1.000,-1.000,-1.000,-1.000:
0000
0000
0000
0000
,
0000
0000
0000
0000
,
0000
0000
0000
0000
,
0000
0000
0000
0000
,
1000
0000
0000
0000
0001
0000
0000
1000
0001
0000
0000
1000
0000
0000
0000
0000
,
0000
0000
0000
0000
,
0100
0000
0000
0000
0001
0000
0000
0100
0001
0000
0000
0100
0000
0000
0000
0000
,
0000
0000
0000
0000
,
1000
0011
0100
1010
,
0001
0110
0001
1100
,
0001
0110
0010
0101
,
0100
0011
0100
0000
,
1000
0010
0101
0010
0100
1000
0110
1000
,
0001
0010
1100
0010
0100
0001
0110
0001
,
1000
0100
0011
0100
0010
1000
0101
1000
,
0010
0100
0011
0100
1000
0000
0000
0000
,
0110
0000
0010
0000
,
1001
0000
0010
0000
,
1010
0000
0001
0000
,
0101
0000
0010
0000
,
0100
0001
0100
1000
,
0010
0001
0100
1000
,
1000
0001
0100
0001
0010
0001
0100
0001
,
1010
0000
0110
0000
0101
0000
0011
0000
1000
0001
1000
0001
1100
0000
0101
0000
,
1000
0000
0001
0000
0100
0000
0001
0000
1000
0000
0001
0010
0100
0000
1000
0000
,
0001
0000
0000
0000
0100
0000
0000
0000
0001
0000
0000
0000
0010
0000
0000
0000
1000
0010
1000
0010
0000
0000
0000
0000
0100
0000
0000
0000
0001
0000
0000
0000
,
1000
0000
0000
0000
0010
0000
0000
0000
0100
0000
0001
0000
1000
0100
0010
0001
1000
0000
0000
0000
0001
0000
0010
0000
1000
0000
0000
0000
0001
0000
0010
0000
,
0000
0000
1000
0000
0100
0000
0001
0000
0100
0000
0010
0000
1000
0000
0001
0010
,
1000
0001
0100
0000
0001
1000
0000
0001
,
1000
0001
0100
0001
1000
0010
1001
0101
,
0010
1000
0001
1000
0010
0001
0010
0100
,
1000
0000
0010
0000
0001
0000
0010
0000
1000
0001
0100
0000
1000
0000
0001
0000
,
0100
0000
0010
0000
0001
0100
0010
1000
0001
0000
0100
0010
0000
0000
1000
0000
,
0001
0000
0100
0000
0010
0000
0001
0000
0100
0010
1000
0000
0101
0000
0110
0000
,
1000
0000
0000
0000
0001
0000
0000
0000
0010
1000
0010
1000
0000
0000
0000
0000
0001
0000
0100
0000
0010
0000
1000
0000
0001
0000
0000
0000
0100
0000
0000
0000
,
1000
0001
1000
0100
0010
0001
1010
1100
,
0001
1000
0100
0001
0100
0001
1000
0100
,
0001
0000
0000
0000
0010
0000
0000
0000
1000
0000
0000
0000
0010
0000
0000
0000
1000
0001
1000
0001
0000
0000
0000
0000
0011
0000
0000
0000
1010
0000
0000
0000
,
0100
0000
0001
0000
1000
0000
0001
0000
1000
0000
0001
0010
0000
0000
0100
0000
,
0001
0000
1000
0000
0001
0000
0100
0000
0010
0000
0001
0000
1000
0100
1000
0100
,
0000
0000
0010
0000
0001
1000
0000
0100
0001
0000
0001
0001
0000
0100
0000
0010
,
1000
0000
0100
0000
1000
0010
0000
0001
0100
0000
0010
0010
0000
0100
0000
0001
,
0000
0000
0100
0000
0001
1000
0000
1000
0010
0000
0100
0100
0000
0001
0000
1000
,
0100
0000
0001
0000
0001
0100
0000
0100
1000
0000
0010
0010
0000
0000
0000
0000
,
1000
0000
0001
0000
0001
0100
0000
0100
0010
0000
0001
0001
0000
0100
0000
1000
,
0100
0000
0010
0000
0010
0100
0000
1000
1000
0000
0010
0010
0000
0100
0000
0001
,
0000
0000
1000
0000
1000
0010
0000
0010
0100
0000
1000
0100
0000
0001
0000
1000
,
0100
0000
0010
0000
0010
0100
0000
0100
1000
0000
0010
0010
0000
0000
0000
0000
,
1000
0011
0100
1100
,
0010
0101
0010
0011
,
0100
1010
1000
0011
,
0100
1001
0010
1100
,
1000
0010
0101
0010
0100
1000
0110
1000
,
0001
0010
1100
0010
0100
0001
0110
0001
,
1000
0100
0011
0100
0010
1000
0101
1000
,
0010
0100
0011
0100
1000
0000
0000
0000
,
0110
0000
0010
0000
,
1001
0000
0010
0000
,
1010
0000
0001
0000
,
0101
0000
0010
0000
,
0100
0001
0100
1000
,
0010
0001
0100
1000
,
1000
0001
0100
0001
0010
0001
0100
0001
,
1010
0000
0110
0000
0101
0000
0011
0000
1000
0001
1000
0001
1100
0000
0101
0000
,
1000
0000
0010
0000
1000
0000
0010
0100
0001
0000
1000
0100
0000
0001
0000
0000
,
0100
0001
1000
0001
0100
0001
1010
1100
,
0001
0000
0100
0000
0011
0000
1100
0000
0001
0000
1000
1000
0010
0000
0100
0000
,
0100
0010
0001
0010
0100
0010
1000
0000
,
0001
0000
0100
0000
0010
0000
0001
0000
1000
0000
0001
0010
0100
0000
1000
1000
,
0100
0100
0001
0100
1000
0100
1010
0110
,
0001
0000
1000
0000
0001
0000
0100
0000
1000
0000
0001
0001
1000
0000
0010
0000
,
0100
1000
0100
1000
0010
1000
0100
0001
,
1000
0001
0100
0010
0001
0010
1000
0100
,
0010
0001
0100
0001
0010
0001
0101
1010
,
0001
0000
0100
0000
0010
0000
1000
0000
0100
0000
0001
0010
1000
0000
0100
0001
,
0010
1000
0010
0100
0010
1000
0001
0100
,
1000
0000
0100
0000
0001
0000
1000
0000
0100
0000
0001
1000
0010
0000
0100
0010
,
1000
0001
0100
0001
0010
0001
1010
0110
,
1000
0000
0011
0000
1000
0100
1000
0000
0010
0010
0100
1000
0100
0000
0001
0000
,
0100
1000
0001
1000
0010
1000
0010
1000
,
0001
0000
0000
0000
0001
0000
0000
0001
1000
0000
0000
1000
0000
0000
0000
0000
;


//---------------dance-single - Blank----------------
#NOTES:
     dance-single:
     Blank:
     Beginner:
     1:
     0.527,0.598,0.420,0.000,0.269:
0000
0000
0000
0000
,
0000
0000
0000
0000
,
0000
0000
0000
0000
,
0000
0000
0000
0000
,
1000
0000
0000
0000
0001
0000
0000
1000
0001
0000
0000
1000
0000
0000
0000
0000
,
0000
0000
0000
0000
,
0100
0000
0000
0000
0001
0000
0000
0100
0001
0000
0000
0100
0000
0000
0000
0000
,
0000
0000
0000
0000
,
1000
0011
0100
1010
,
0001
0110
0001
1100
,
0001
0110
0010
0101
,
0100
0011
0100
0000
,
1000
0010
0101
0010
0100
1000
0110
1000
,
0001
0010
1100
0010
0100
0001
0110
0001
,
1000
0100
0011
0100
0010
1000
0101
1000
,
0010
0100
0011
0100
1000
0000
0000
0000
,
0110
0000
0010
0000
,
1001
0000
0010
0000
,
1010
0000
0001
0000
,
0101
0000
0010
0000
,
0100
0001
0100
1000
,
0010
0001
0100
1000
,
1000
0001
0100
0001
0010
0001
0100
0001
,
1010
0000
0110
0000
0101
0000
0011
0000
1000
0001
1000
0001
1100
0000
0101
0000
,
1000
0000
0001
0000
0100
0000
0001
0000
1000
0000
0001
0010
0100
0000
1000
0000
,
0001
0000
0000
0000
0100
0000
0000
0000
0001
0000
0000
0000
0010
0000
0000
0000
1000
0010
1000
0010
0000
0000
0000
0000
0100
0000
0000
0000
0001
0000
0000
0000
,
1000
0000
0000
0000
0010
0000
0000
0000
0100
0000
0001
0000
1000
0100
0010
0001
1000
0000
0000
0000
0001
0000
0010
0000
1000
0000
0000
0000
0001
0000
0010
0000
,
0000
0000
1000
0000
0100
0000
0001
0000
0100
0000
0010
0000
1000
0000
0001
0010
,
1000
0001
0100
0000
0001
1000
0000
0001
,
1000
0001
0100
0001
1000
0010
1001
0101
,
0010
1000
0001
1000
0010
0001
0010
0100
,
1000
0000
0010
0000
0001
0000
0010
0000
1000
0001
0100
0000
1000
0000
0001
0000
,
0100
0000
0010
0000
0001
0100
0010
1000
0001
0000
0100
0010
0000
0000
1000
0000
,
0001
0000
0100
0000
0010
0000
0001
0000
0100
0010
1000
0000
0101
0000
0110
0000
,
1000
0000
0000
0000
0001
0000
0000
0000
0010
1000
0010
1000
0000
0000
0000
0000
0001
0000
0100
0000
0010
0000
1000
0000
0001
0000
0000
0000
0100
0000
0000
0000
,
1000
0001
1000
0100
0010
0001
1010
1100
,
0001
1000
0100
0001
0100
0001
0000
0100
,
0001
0000
0000
0000
0010
0000
0000
0000
1000
0000
0000
0000
0010
0000
0000
0000
1000
0001
1000
0001
0000
0000
0000
0000
0011
0000
0000
0000
1010
0000
0000
0000
,
0100
0000
0001
0000
1000
0000
0001
0000
1000
0000
0001
0010
0000
0000
0100
0000
,
0001
0000
1000
0000
0001
0000
0100
0000
0010
0000
0001
0000
1000
0100
1000
0100
,
0000
0000
0010
0000
0001
1000
0000
0100
0001
0000
0001
0001
0000
0100
0000
0010
,
1000
0000
0100
0000
1000
0010
0000
0001
0100
0000
0010
0010
0000
0100
0000
0001
,
0000
0000
0100
0000
0001
1000
0000
1000
0010
0000
0100
0100
0000
0001
0000
1000
,
0100
0000
0001
0000
0001
0100
0000
0100
1000
0000
0010
0010
0000
0000
0000
0000
,
1000
0000
0001
0000
0001
0100
0000
0100
0010
0000
0001
0001
0000
0100
0000
1000
,
0100
0000
0010
0000
0010
0100
0000
1000
1000
0000
0010
0010
0000
0100
0000
0001
,
0000
0000
1000
0000
1000
0010
0000
0010
0100
0000
1000
0100
0000
0001
0000
1000
,
0100
0000
0010
0000
0010
0100
0000
0100
1000
0000
0010
0010
0000
0000
0000
0000
,
1000
0011
0100
1100
,
0010
0101
0010
0011
,
0100
1010
1000
0011
,
0100
1001
0010
1100
,
1000
0010
0101
0010
0100
1000
0110
1000
,
0001
0010
1100
0010
0100
0001
0110
0001
,
1000
0100
0011
0100
0010
1000
0101
1000
,
0010
0100
0011
0100
1000
0000
0000
0000
,
0110
0000
0010
0000
,
1001
0000
0010
0000
,
1010
0000
0001
0000
,
0101
0000
0010
0000
,
0100
0001
0100
1000
,
0010
0001
0100
1000
,
1000
0001
0100
0001
0010
0001
0100
0001
,
1010
0000
0110
0000
0101
0000
0011
0000
1000
0001
1000
0001
1100
0000
0101
0000
,
1000
0000
0010
0000
1000
0000
0010
0100
0001
0000
1000
0100
0000
0001
0000
0000
,
0100
0001
1000
0001
0100
0001
1010
1100
,
0001
0000
0100
0000
0011
0000
1100
0000
0001
0000
1000
1000
0010
0000
0100
0000
,
0100
0010
0001
0010
0100
0010
1000
0000
,
0001
0000
0100
0000
0010
0000
0001
0000
1000
0000
0001
0010
0100
0000
1000
1000
,
0100
0100
0001
0100
1000
0100
1010
0110
,
0001
0000
1000
0000
0001
0000
0000
0000
1000
0000
0001
0001
1000
0000
0010
0000
,
0100
1000
0100
1000
0010
1000
0100
0001
,
1000
0001
0100
0010
0001
0010
1000
0100
,
0010
0001
0100
0001
0010
0001
0101
1010
,
0001
0000
0100
0000
0010
0000
1000
0000
0100
0000
0001
0010
1000
0000
0100
0001
,
0010
1000
0010
0100
0010
1000
0001
0100
,
1000
0000
0100
0000
0001
0000
1000
0000
0100
0000
0001
1000
0010
0000
0100
0010
,
1000
0001
0100
0001
0010
0001
1010
0110
,
1000
0000
0011
0000
1000
0100
1000
0000
0010
0010
0100
1000
0100
0000
0001
0000
,
0100
1000
0001
1000
0010
1000
0010
1000
,
0001
0000
0000
0000
0001
0000
0000
0001
1000
0000
0000
1000
0000
0000
0000
0000
;


//---------------dance-single - Blank1----------------
#NOTES:
     dance-single:
     Blank1:
     Easy:
     1:
     0.186,0.200,0.148,0.000,0.000:
0000
0000
0000
0000
,
0000
0000
0000
0000
,
1000
0000
0001
0000
,
0000
0000
0000
0000
,
0100
0000
0010
0000
,
0000
0000
0000
0000
,
1000
0000
0010
0000
,
0000
0000
0000
0000
,
1001
0000
0000
0000
,
0110
0000
0000
0000
,
1000
0000
0001
0000
,
1000
0000
1001
0000
,
0010
0000
0100
0000
,
0001
0000
1000
0000
,
0100
0000
0010
0000
,
0100
0000
0000
0000
,
1001
0000
0000
0000
,
0011
0000
0000
0000
,
1100
0000
0000
0000
,
0110
0000
0000
0000
,
1000
0000
0100
0000
,
0010
0000
0001
0000
,
1000
0000
0001
0000
,
1000
0001
0000
0000
,
1000
0000
0010
0000
,
0100
0100
0100
0001
,
0010
0000
1000
0000
,
1000
1000
1000
0001
,
0010
0000
0001
0000
,
0001
0001
0001
0100
,
0010
0000
1000
0000
,
0100
0001
0100
0001
,
1000
0000
0100
0000
,
0100
0100
0100
1000
,
0100
0000
0010
0000
,
0010
0010
0010
1000
,
0100
0000
0001
0000
,
0001
0001
0001
0000
,
0100
0000
0010
0000
,
0010
0010
0010
1000
,
0001
0000
1000
0000
,
0011
0000
0100
0000
,
0001
0000
1000
0000
,
0100
0000
0010
0000
,
1000
0000
0001
0000
,
0110
0000
0010
0000
,
1000
0000
0001
0000
,
0100
0010
0001
1000
,
1001
0000
0000
0000
,
0011
0000
0000
0000
,
1100
0000
0000
0000
,
0110
0000
0000
0000
,
0101
0000
0000
0000
,
1010
0000
0000
0000
,
1100
0000
0000
0000
,
0101
0000
0000
0000
,
1010
0000
0000
0000
,
0110
0000
0000
0000
,
1010
0000
0000
0000
,
0011
0000
0000
0000
,
1000
0000
0010
0000
,
0100
0000
0001
0000
,
1000
0001
0100
0010
,
1001
0000
0110
0000
,
1000
0001
1000
0001
,
1000
0001
1000
0001
,
1000
0001
1000
0001
,
1000
0001
1000
0001
,
1000
0001
1000
0001
,
1000
0001
1000
0001
,
1000
0001
1000
0001
,
1000
0001
1000
0001
,
1000
0001
1000
0001
,
1000
0001
1000
0001
,
1000
0001
1000
0001
,
1000
0001
1000
0001
,
1000
0001
1000
0001
,
1000
0001
1000
0001
,
1000
0001
1000
0001
,
1000
0001
1000
0001
,
1000
0001
1000
0001
,
0110
0000
0000
0000
;

