#TITLE:Ghost and Kozmos - Tetris (Fucked);
#SUBTITLE:;
#ARTIST:Unknown artist;
#TITLETRANSLIT:;
#SUBTITLETRANSLIT:;
#ARTISTTRANSLIT:;
#GENRE:;
#CREDIT:;
#BANNER:;
#BACKGROUND:;
#LYRICSPATH:;
#CDTITLE:;
#MUSIC:Tetris Remix Ghost and Kozmos Collab.mp3;
#OFFSET:0.000;
#SAMPLESTART:99.820;
#SAMPLELENGTH:12.000;
#SELECTABLE:YES;
#BPMS:0.000=128.000,14.000=256.000;
#STOPS:14.000=0.500
;
#BGCHANGES:;
#KEYSOUNDS:;

//---------------dance-single - Blank----------------
#NOTES:
     dance-single:
     Blank:
     Beginner:
     1:
     0.488,0.815,0.132,0.000,0.024:
0000
0000
0000
0000
,
0000
0000
0000
0000
,
0000
0000
0000
0000
,
0000
0000
0000
0000
,
1000
0000
0000
0000
0001
0000
0010
0000
1000
0000
0001
1000
0010
0000
0001
0000
,
0100
0000
0000
0000
0100
0000
0010
0000
0001
0000
0100
1000
0100
0000
0010
0000
,
0001
0000
0010
0100
1000
0000
0001
0000
,
0010
0000
0100
0000
0100
0000
1000
0100
,
0010
0010
0000
0100
0010
0000
0010
0100
,
1000
0000
0000
0000
1000
0000
0001
0000
1000
0000
0001
1000
0001
0000
0010
0000
,
0100
0000
0100
0010
0001
0000
1000
0000
,
0001
0010
0100
0000
0100
0000
0001
0000
,
1000
0000
0000
0000
0001
0000
0100
0000
0010
0000
0010
0001
0010
0000
0100
0000
,
1000
0100
0010
0100
,
0001
1000
0100
1010
,
0011
1000
0010
0100
,
0001
1000
0011
1000
,
1010
0100
0001
1000
,
0010
0100
0001
1100
,
0101
0100
0010
0100
,
0001
0100
0001
1000
,
0001
0100
0001
1000
,
0001
0010
0001
1000
,
0010
1000
0001
1000
,
0100
0010
0100
1000
,
0001
1000
0001
1000
,
0010
0100
0010
0100
,
0010
1000
0010
0100
,
0001
1000
0001
1000
,
0010
0100
0001
0100
,
0010
0100
0001
0100
,
0001
1000
0100
0010
,
0001
1000
0100
0010
,
0001
1000
0001
1000
,
0010
0100
0010
0100
,
0001
1000
0001
1000
,
0001
0010
0100
1000
,
0001
0100
0001
0100
,
0010
0100
0010
0100
,
0001
0010
0100
1000
,
0001
0100
0001
0100
,
0010
1000
0010
1000
,
0001
0010
0001
0010
,
0100
1000
0100
0010
,
0100
0010
0100
0010
,
0001
1000
0001
1000
,
0010
1000
0010
1000
,
0100
1000
0100
1000
,
0010
1000
0010
1000
,
0001
0100
0001
0100
,
0010
0100
0010
0100
,
0010
1000
0010
1000
,
0001
0010
0001
0010
,
1000
0000
0010
0000
,
0100
0000
0001
0000
,
0010
0000
0100
0000
,
1000
0000
0001
0000
,
0100
0000
0001
0000
,
0010
0000
0001
0000
,
1000
0010
0100
0000
,
0001
0000
0000
0000
,
1010
0000
0000
0000
,
0101
0000
0000
0000
,
0110
0000
0000
0000
,
1001
0000
0000
0000
,
1000
0001
1000
0001
,
0010
0100
0010
0100
,
1000
0001
1000
0001
,
0100
0010
0100
0010
,
1000
0001
1000
0001
,
0100
0010
1000
0001
,
0100
0010
0100
0010
,
1000
0001
0010
0001
,
1000
0000
0000
0000
,
0000
0000
0000
0000
,
0000
0000
0000
0000
,
0000
0000
0000
0000
,
0000
0000
0000
0000
,
0000
0000
0000
0000
,
0000
0000
0000
0000
,
0000
0000
0000
0000
,
0000
0000
0000
0000
,
0000
0000
0000
0000
,
0000
0000
0000
0000
,
0000
0000
0000
0000
,
1111
0000
0000
0000
;


//---------------dance-single - Blank----------------
#NOTES:
     dance-single:
     Blank:
     Easy:
     1:
     0.002,0.000,0.000,0.000,0.000:
1000
0000
0000
0000
;


//---------------dance-single - Blank----------------
#NOTES:
     dance-single:
     Blank:
     Medium:
     1:
     0.002,0.000,0.000,0.000,0.000:
1000
0000
0000
0000
;


//---------------dance-single - Blank----------------
#NOTES:
     dance-single:
     Blank:
     Hard:
     1:
     0.002,0.000,0.000,0.000,0.000:
1000
0000
0000
0000
;


//---------------dance-single - Blank----------------
#NOTES:
     dance-single:
     Blank:
     Challenge:
     1:
     0.002,0.000,0.000,0.000,0.000:
1000
0000
0000
0000
;

