#TITLE:NeverEverStop;
#SUBTITLE:;
#ARTIST:Unknown artist;
#TITLETRANSLIT:;
#SUBTITLETRANSLIT:;
#ARTISTTRANSLIT:;
#GENRE:;
#CREDIT:;
#BANNER:;
#BACKGROUND:;
#LYRICSPATH:;
#CDTITLE:;
#MUSIC:Game_NeverEverStop.mp3;
#OFFSET:0.000;
#SAMPLESTART:99.460;
#SAMPLELENGTH:12.000;
#SELECTABLE:YES;
#BPMS:0.000=190.000;
#STOPS:;
#BGCHANGES:;
#KEYSOUNDS:;

//---------------dance-single - Blank----------------
#NOTES:
     dance-single:
     Blank:
     Beginner:
     1:
     0.204,0.158,0.105,0.000,0.000:
0000
0000
0000
0000
,
0000
0000
0000
0000
,
0000
0000
0000
0000
,
0000
0000
0000
0000
,
1000
0000
0000
0000
,
0001
0000
0000
0000
,
0100
0000
0001
0000
,
0100
0000
0001
0000
,
0100
0000
0010
0000
,
1000
0000
0010
0000
,
1000
0000
0001
0000
,
0100
0000
0010
0000
,
0001
0000
1000
0000
,
0100
0000
0001
0000
,
0100
0000
0010
0000
,
1000
0000
0010
0000
,
0100
0000
0100
0000
,
0001
0000
0001
0000
,
0100
0000
0100
0000
,
0010
0000
0010
0000
,
1000
0000
1000
0000
,
0001
0000
0001
0000
,
0100
0000
0100
0000
,
0010
0000
0010
0000
,
1000
0000
0000
0000
,
0001
0000
0000
0000
,
0100
0000
0000
0000
,
1001
0000
0000
0000
,
0100
0000
0000
0000
,
0010
0000
0000
0000
,
0100
0000
0000
0000
,
0101
0000
0000
0000
,
1000
0000
0001
0000
,
1000
0000
0001
0000
,
1000
0000
0001
0000
,
1000
0000
0001
0000
,
0100
0000
0010
0000
,
0100
0000
0010
0000
,
0100
0000
0010
0000
,
1001
0000
0000
0000
,
1000
0000
0001
0000
,
1000
0000
0001
0000
,
0100
0000
0010
0000
,
0100
0000
0010
0000
,
1000
0000
0001
0000
,
1000
0000
0001
0000
,
0100
0000
0010
0000
,
0100
0000
0010
0000
,
1000
0000
0010
0000
,
0010
0000
0100
0000
,
1000
0000
1000
0000
,
0001
0000
0001
0000
,
0100
0000
0010
0000
,
0100
0000
0010
0000
,
1000
0000
0001
0000
,
1000
0000
0001
0000
,
1000
0000
0000
0000
,
0001
0000
0000
0000
,
0110
0000
0000
0000
,
1001
0000
0000
0000
,
0100
0000
0000
0000
,
0010
0000
0000
0000
,
0101
0000
0000
0000
,
1010
0000
0000
0000
,
1000
0000
0000
0000
,
0100
0000
0000
0000
,
0011
0000
0000
0000
,
1100
0000
0000
0000
,
1001
0000
0000
0000
,
1001
0000
0000
0000
,
1000
0000
0100
0000
,
0010
0000
0001
0000
,
1000
0000
0001
0000
,
1000
0000
0001
0000
,
0100
0000
0001
0000
,
0100
0000
0001
0000
,
1000
0000
0010
0000
,
1000
0000
0010
0000
,
0100
0000
0010
0000
,
1000
0000
0001
0000
,
1001
0000
0000
0000
,
1001
0000
0000
0000
,
0010
0000
0100
0000
,
0001
0000
0100
0000
,
1000
0000
1000
0000
,
0001
0000
0001
0000
,
0100
0000
0100
0000
,
0010
0000
1000
0000
,
0001
0000
0000
0000
,
1000
0000
0000
0000
,
0011
0000
0000
0000
,
0100
0000
0000
0000
,
1000
0000
0000
0000
,
0001
0000
0000
0000
,
0110
0000
0000
0000
,
1001
0000
0000
0000
,
1000
0000
0010
0000
,
1000
0000
0001
0000
,
0001
0000
0010
0000
,
0001
0000
0100
0000
,
1000
0000
0100
0000
,
1000
0000
0010
0000
,
0001
0000
0010
0000
,
1000
0000
0100
0000
,
0100
0000
0010
0000
,
1000
0000
0010
0000
,
1000
0000
0001
0000
,
0100
0000
0010
0000
,
0001
0000
1000
0000
,
0100
0000
0001
0000
,
0100
0000
0010
0000
,
1000
0000
0010
0000
,
0100
0000
0100
0000
,
0001
0000
0001
0000
,
0100
0000
0100
0000
,
0010
0000
0010
0000
,
1000
0000
1000
0000
,
0001
0000
0001
0000
,
0100
0000
0100
0000
,
0010
0000
0010
0000
,
1000
0000
0001
0000
,
1000
0000
0001
0000
,
0100
0000
0001
0000
,
0100
0000
0001
0000
,
1000
0000
0100
0000
,
1000
0000
0100
0000
,
1000
0000
0001
0000
,
1000
0000
0001
0000
,
1001
0000
0000
0000
;

