#TITLE:Dance From Above;
#SUBTITLE:;
#ARTIST:Luuk;
#TITLETRANSLIT:;
#SUBTITLETRANSLIT:;
#ARTISTTRANSLIT:;
#GENRE:;
#CREDIT:;
#BANNER:;
#BACKGROUND:;
#LYRICSPATH:;
#CDTITLE:;
#MUSIC:Game_DanceFromAbove.mp3;
#OFFSET:0.000;
#SAMPLESTART:99.620;
#SAMPLELENGTH:12.000;
#SELECTABLE:YES;
#BPMS:0.000=140.000;
#STOPS:;
#BGCHANGES:;
#KEYSOUNDS:;

//---------------dance-single - Blank----------------
#NOTES:
     dance-single:
     Blank:
     Beginner:
     3:
     0.000,0.000,0.000,0.000,0.000:
0000
0000
0000
0000
,
0000
0000
0000
0000
,
1000
0000
0001
0000
,
1000
0000
0001
0000
,
0010
0000
0100
0000
,
1000
0000
0001
0000
,
0100
0000
0010
0000
,
1000
0000
1000
0000
,
0001
0000
0001
0000
,
0100
0000
0100
0000
,
0010
0000
0010
0000
,
1000
0000
1000
0000
,
0100
0000
0010
0000
,
0100
0000
0010
0000
,
1000
0000
0001
0000
,
1000
0000
0001
0000
,
0100
0000
0100
0000
,
0010
0000
0010
0000
,
0100
0000
0100
0000
,
1000
0000
1000
0000
,
0001
0000
0001
0000
,
0100
0000
0100
0000
,
0010
0000
0010
0000
,
1000
0000
0001
0000
,
0100
0000
0010
0000
,
1000
0000
0001
0000
,
0100
0000
0010
0000
,
0001
0000
0100
0000
,
0010
0000
1000
0000
,
0001
0000
0100
0000
,
0010
0000
1000
0000
,
0001
0000
1000
0000
,
1001
0000
0000
0000
,
1001
0000
0000
0000
,
1001
0000
0000
0000
,
1001
0000
0000
0000
,
0110
0000
0000
0000
,
0110
0000
0000
0000
,
1100
0000
0000
0000
,
0011
0000
0000
0000
,
1001
0000
0000
0000
,
0110
0000
0000
0000
,
1001
0000
0000
0000
,
0110
0000
0000
0000
,
1000
0000
0001
0000
,
1000
0000
0001
0000
,
0010
0000
0001
0000
,
0010
0000
0001
0000
,
0100
0000
0001
0000
,
0100
0000
0001
0000
,
1000
0000
0010
0000
,
1000
0000
0010
0000
,
0100
0000
0100
0000
,
1000
0000
0100
0000
,
0001
0000
0010
0000
,
0100
0000
0010
0000
,
1000
0000
0001
0000
,
0100
0000
0010
0000
,
1000
0000
0100
0000
,
0010
0000
1000
0000
,
0001
0000
0100
0000
,
0010
0000
1000
0000
,
0001
0000
0100
0000
,
0010
0000
1000
0000
,
0101
0000
0000
0000
,
1100
0000
0000
0000
,
1001
0000
0000
0000
,
0101
0000
0000
0000
,
1010
0000
0000
0000
,
0110
0000
0000
0000
,
1001
0000
0000
0000
,
0110
0000
0110
0000
,
0001
0000
1000
0000
,
0010
0000
0100
0000
,
0001
0000
0001
0000
,
1000
0000
1000
0000
,
0010
0000
0010
0000
,
0100
0000
0100
0000
,
1000
0000
1000
0000
,
0001
0000
0001
0000
,
0100
0000
0000
0000
,
1001
0000
0010
0000
,
1000
0000
0001
0000
,
0100
0000
0100
0000
,
0010
0000
0010
0000
,
1000
0000
0001
0000
,
0100
0000
0001
0000
,
0010
0000
0100
0000
,
0001
0000
0100
0000
,
1000
0000
0001
0000
,
0100
0000
0010
0000
,
1000
0000
0100
0000
,
0010
0000
0100
0000
,
0001
0000
1000
0000
,
0001
0000
0010
0000
,
0100
0000
0010
0000
,
1000
0000
0001
0000
,
1000
0000
0000
0000
;


//---------------dance-single - Blank----------------
#NOTES:
     dance-single:
     Blank:
     Easy:
     1:
     0.000,0.000,0.000,0.000,0.000:
0000
0000
0000
0000
,
0000
0000
0000
0000
,
0001
0001
0001
0000
,
0100
0100
0100
0000
,
0001
0001
0001
0000
,
1000
1000
1000
0000
,
0010
0010
0010
0000
,
1000
1000
0001
0001
,
0100
0100
0100
0000
,
0001
0001
0001
0000
,
0010
0010
0010
0000
,
1000
1000
1000
0000
,
0100
0100
0100
0000
,
0010
0010
0010
0000
,
0001
0001
0001
0000
,
1000
1000
1000
0000
,
0100
0001
0100
0001
,
1000
1000
1000
0000
,
0010
0100
0010
0000
,
0001
0001
0001
0000
,
1000
1000
1000
0000
,
0001
0010
0001
0010
,
0100
0100
0100
0000
,
0010
0001
0010
0000
,
0010
0010
0010
0000
,
0001
1000
0001
1000
,
0100
0100
0100
0100
,
0010
1000
0010
0000
,
1000
1000
0001
0001
,
0100
0100
0000
0000
,
1001
0000
0000
0000
,
0001
0001
0001
0001
,
1001
0000
0010
0000
,
1001
0000
0100
0000
,
0110
0000
0001
0000
,
0110
0000
1000
0000
,
1000
1000
1000
1000
,
0001
0001
0001
0001
,
0100
0100
0100
0100
,
0010
0010
0010
1000
,
0000
0000
0000
0000
,
0000
0000
0000
0000
,
0000
0000
0000
0000
,
0000
0000
0000
0000
,
0000
0000
0000
0000
,
0000
0000
0000
0000
,
0000
0000
0000
0000
,
0000
0000
0000
0000
,
0000
0000
0000
0000
,
0000
0000
0000
0000
,
0000
0000
0000
0000
,
0000
0000
0000
0000
,
0000
0000
0000
0000
,
0000
0000
0000
0000
,
0000
0000
0000
0000
,
0000
0000
0000
0000
,
0000
0000
0000
0000
,
0000
0000
0000
0000
,
0000
0000
0000
0000
,
0000
0000
0000
0000
,
0000
0000
0000
0000
,
0000
0000
0000
0000
,
0000
0000
0000
0000
,
0000
0000
0000
0000
,
0000
0000
0000
0000
,
0000
0000
0000
0000
,
0000
0000
0000
0000
,
0000
0000
0000
0000
,
0000
0000
0000
0000
,
0000
0000
0000
0000
,
0000
0000
0000
0000
,
0000
0000
0000
0000
,
0000
0000
0000
0000
,
0000
0000
0000
0000
,
0000
0000
0000
0000
,
0000
0000
0000
0000
,
0000
0000
0000
0000
,
0000
0000
0000
0000
,
0000
0000
0000
0000
,
0000
0000
0000
0000
,
0000
0000
0000
0000
,
0000
0000
0000
0000
,
0000
0000
0000
0000
,
0000
0000
0000
0000
,
0000
0000
0000
0000
,
0000
0000
0000
0000
,
0000
0000
0000
0000
,
0000
0000
0000
0000
,
0000
0000
0000
0000
,
0000
0000
0000
0000
,
0000
0000
0000
0000
,
0000
0000
0000
0000
,
0000
0000
0000
0000
,
1000
0000
0000
0000
,
0000
0000
0000
0000
,
0000
0000
0000
0000
,
0000
0000
0000
0000
,
1000
0000
0000
0000
;

