#TITLE:The Slime Queens Dungeon;
#SUBTITLE:;
#ARTIST:Luuk;
#TITLETRANSLIT:;
#SUBTITLETRANSLIT:;
#ARTISTTRANSLIT:;
#GENRE:;
#CREDIT:;
#BANNER:;
#BACKGROUND:;
#LYRICSPATH:;
#CDTITLE:;
#MUSIC:Original Soundtrack.mp3;
#OFFSET:0.000;
#SAMPLESTART:98.380;
#SAMPLELENGTH:12.000;
#SELECTABLE:YES;
#BPMS:0.000=115.000;
#STOPS:;
#BGCHANGES:;
#KEYSOUNDS:;

//---------------dance-single - ----------------
#NOTES:
     dance-single:
     :
     Easy:
     1:
     0.205,0.192,0.039,0.000,0.000:
0000
0000
0000
0000
,
0000
0000
0000
0000
,
0000
0000
0000
0000
,
0000
0000
0000
0000
,
0100
0000
0001
0000
,
1000
0000
0010
0000
,
1000
0000
0001
0000
,
0100
0000
0001
0000
,
1000
1000
1000
0000
,
0001
0001
0001
0000
,
0100
0100
0100
0000
,
0010
0010
0010
0000
,
1000
0000
0001
0010
,
0100
0000
1000
0100
,
0010
0000
0010
0100
,
0001
0000
0100
0000
,
0010
0000
0010
0100
,
1000
0000
0001
1000
,
0010
0000
0100
0010
,
0001
0000
0100
0000
,
0010
0010
0010
0000
,
1000
1000
1000
0000
,
0010
0010
0010
0000
,
0100
0100
0100
0000
,
0001
0001
0001
0000
,
0010
0010
0010
0000
,
1000
1000
1000
0000
,
0100
0100
0010
0010
,
1000
0100
1000
0100
,
0001
0000
0001
0000
,
0010
1000
0010
1000
,
0100
0000
0100
0000
,
0010
0100
0010
0100
,
1000
0000
1000
0000
,
0100
0001
0100
0001
,
0010
0000
0010
0000
,
1000
0001
1000
0001
,
0100
0000
0100
0000
,
0010
1000
0010
1000
,
0001
0000
0001
0000
,
0100
0010
0100
0010
,
1000
0000
1000
0000
,
0001
0100
0001
0100
,
0001
0000
0001
0001
,
1000
0000
1000
0100
,
0010
0000
0001
0100
,
0010
0000
0100
0010
,
1000
0000
0100
0010
,
0001
0000
0001
1000
,
0100
0000
0010
0010
,
1000
0000
1000
0001
,
1000
0100
0010
0001
,
1000
1000
1000
0000
,
0100
0100
0100
0000
,
0001
0001
0001
0000
,
0010
0010
0010
0000
,
1000
0100
1000
0100
,
0001
0010
0001
0010
,
0100
0010
0100
0010
,
1000
0001
1000
0001
,
0100
0001
0100
0001
,
0010
1000
0010
1000
,
0100
0010
0100
0010
,
1000
0001
1000
0001
,
1000
0010
1000
0010
,
0100
0010
0100
0010
,
0001
0100
0001
0100
,
1000
0010
1000
0010
,
1000
0100
0010
0001
,
0010
1000
0010
0001
,
0100
0100
0010
0010
,
1000
0001
1000
0001
,
1000
1000
0100
0100
,
0001
0001
0100
0100
,
1000
0001
0010
0010
,
1000
0000
0010
0100
,
1000
0000
0010
1000
,
0100
0000
0001
0010
,
0100
0000
1000
0100
,
0010
0000
1000
0000
,
0110
0000
0000
0000
,
0011
0000
0000
0000
,
1010
0000
0000
0000
,
0011
0000
0000
0000
,
1001
0000
0000
0000
,
1001
0000
0000
0000
,
1001
0000
0000
0000
;


//---------------dance-single - Blank----------------
#NOTES:
     dance-single:
     Blank:
     Medium:
     1:
     0.344,0.383,0.412,0.000,0.000:
0000
0000
0000
0000
,
0000
0000
0000
0000
,
0000
0000
0000
0000
,
0000
0000
0000
0000
,
1010
0000
0011
0000
,
1100
0000
0101
0000
,
0110
0000
1100
0000
,
0101
0000
1010
0000
,
1000
0100
0010
0100
,
1000
0001
0100
0010
,
1000
0001
0100
0010
,
0001
0000
0010
0000
1000
1000
1000
1000
,
0001
0010
0100
0001
,
0100
0000
0010
0000
1000
0000
0001
0010
,
0001
1000
0010
0100
,
0010
1000
0100
0010
,
1000
0001
0100
0010
,
1000
0000
0010
0000
0100
0001
1000
0000
,
0001
0100
0010
1000
,
0100
0010
1000
0010
,
1000
1000
0100
0100
,
1001
0000
0110
0000
,
0001
0001
0100
0100
,
1001
0000
0110
0000
,
1000
1000
0100
0100
,
0011
0000
0011
0000
,
0001
0001
0010
0010
,
1100
0000
1100
0000
,
1000
0001
1000
0001
,
0100
0010
0100
0010
,
1000
0001
1000
0001
,
1100
0000
0011
0000
,
1000
0001
1000
0001
,
0100
0001
0100
0001
,
1100
0000
0011
0000
,
1010
0000
0101
0000
,
1000
0001
0100
0000
0010
0000
0010
0000
,
0100
0010
0100
0000
0001
0000
0001
0000
,
1000
0100
1000
0000
0010
0000
0010
0000
,
0100
0010
0100
0000
0001
0000
0001
0000
,
0100
1000
0100
0000
0100
0000
0100
0000
,
1000
0001
1000
0000
0001
0000
0001
0000
,
0010
1000
0010
0000
0001
0000
0001
0000
,
1001
0000
0110
0000
,
1000
0000
0001
0000
0100
0001
0100
0000
,
1000
0000
0001
0000
1000
0010
1000
0000
,
0001
0000
0100
0000
0001
1000
0001
0000
,
0100
0000
0100
0000
0100
0001
0100
0000
,
1000
0000
1000
0000
0001
0100
0001
0000
,
0010
0000
0010
0000
1000
0001
1000
0000
,
0100
0001
0110
1001
,
1000
0001
1000
0000
1000
0000
0001
0100
,
0001
0001
0001
0000
0001
0001
0001
0000
,
0100
0100
0100
0000
0100
0100
0100
0000
,
1001
0110
1001
0110
,
0011
1100
0011
1100
,
0100
0100
0100
0000
0100
0100
0100
0000
,
1000
1000
1000
0000
1000
1000
1000
0000
,
0101
1010
0101
1010
,
0011
1010
0011
1010
,
0100
0100
0100
0000
0100
0100
0100
0000
,
0001
0001
0001
0000
0001
0001
0001
0000
,
1010
0110
1010
0110
,
0101
0011
0101
0011
,
1000
0001
1000
0001
0000
0000
0000
0000
,
0001
0100
0001
0100
0000
0000
0000
0000
,
1000
1000
1000
1000
0001
0001
0001
0001
,
1010
0011
0101
0011
,
1000
1000
1000
0000
0001
0001
0001
0000
,
0100
1000
0100
1000
0101
0000
0011
0000
,
1000
0010
1000
0010
0001
0000
1000
0000
,
0110
1001
0110
1001
,
1000
0100
0010
0000
1000
0001
1000
0001
,
0100
0010
0100
0000
1000
0001
1000
0000
,
0110
1001
0110
1001
,
0001
0010
0100
1000
0001
0010
0100
1000
,
0001
1000
0001
0000
0010
0100
1000
0000
,
0101
0011
0101
0011
,
1000
0001
1000
0000
0101
0000
1000
0000
,
0001
0100
0010
1000
0100
0000
0001
0000
,
1000
0001
0100
0001
,
1000
0010
1000
0100
,
0001
1000
0001
0000
0101
0000
1010
0000
,
0001
0010
0100
1000
0001
0010
0100
0000
,
1001
0000
0000
0000
,
0110
0000
0000
0000
,
1001
0000
0000
0000
;


//---------------dance-single - Blank----------------
#NOTES:
     dance-single:
     Blank:
     Beginner:
     1:
     0.133,0.120,0.006,0.000,0.000:
0000
0000
0000
0000
,
0000
0000
0000
0000
,
0000
0000
0000
0000
,
0000
0000
0000
0000
,
1000
0000
0001
0000
,
0010
0000
0100
0000
,
1000
0000
0010
0000
,
0100
0000
0001
0000
,
1000
0000
0001
0000
,
0100
0000
0001
0000
,
0100
0000
1000
0000
,
0001
0000
0100
0000
,
0010
0000
1000
1000
,
0100
0000
0010
0000
,
0001
0000
1000
0010
,
0100
0000
0010
0000
,
1000
0000
0001
0000
,
0100
0000
0010
0010
,
1000
0000
0001
0000
,
0100
0000
0010
0000
,
1000
0000
0001
0000
,
0100
0000
0010
0000
,
1000
0000
0001
0000
,
0100
0000
0010
0000
,
1000
0000
0001
0000
,
0100
0000
0010
0000
,
0100
0000
1000
0000
,
0100
0000
0001
0000
,
0100
0000
1000
0000
,
0001
0000
0100
0000
,
0010
0000
1000
0000
,
0100
0000
0001
0000
,
0100
0000
1000
0000
,
0100
0000
0010
0000
,
0001
0000
1000
0000
,
0100
0000
0001
0000
,
0100
0000
0010
0000
,
1000
0000
0001
0000
,
0100
0000
1000
0000
,
0001
0000
0100
0000
,
0010
0000
1000
0000
,
0001
0000
0010
0000
,
0100
0000
1000
0000
,
0001
0000
0100
0000
,
0010
0000
1000
0000
,
0010
0000
0100
0000
,
0001
0000
0100
0000
,
1000
0000
0100
0000
,
0010
0000
0100
0000
,
1000
0000
0100
0000
,
0010
0000
0001
0000
,
1000
0000
0001
0000
,
0100
0000
1000
0000
,
0100
0000
0010
0000
,
0001
0000
1000
0000
,
0100
0000
0010
0000
,
0001
0000
1000
0000
,
0001
0000
1000
0000
,
0100
0000
0010
0000
,
1000
0000
0001
0000
,
0100
0000
0010
0000
,
0001
0000
1000
0000
,
0001
0000
1000
0000
,
0010
0000
0100
0000
,
0001
0000
1000
0000
,
0001
0000
0100
0000
,
0010
0000
0001
0000
,
1000
0000
0100
0000
,
0010
0000
0001
0000
,
1000
0000
0100
0000
,
0010
0000
0001
0000
,
1000
0000
0100
0000
,
1000
0000
0010
0000
,
0100
0000
0001
0000
,
0100
0000
1000
0000
,
0100
0000
0001
0000
,
0100
0000
0010
0000
,
1000
0000
0010
0000
,
1000
0000
0001
0000
,
0010
0000
0100
0000
,
0001
0000
1000
0000
,
0010
0000
0100
0000
,
1000
0000
0100
0000
,
1000
0000
0100
0000
,
1001
0000
0000
0000
,
0001
0000
0000
0000
,
1000
0000
0000
0000
;


//---------------dance-single - Blank----------------
#NOTES:
     dance-single:
     Blank:
     Hard:
     1:
     0.146,0.144,0.100,0.000,0.011:
0000
0000
0000
0000
,
0000
0000
0000
0000
,
0000
0000
0000
0000
,
0000
0000
0000
0000
,
1000
0001
0000
0010
1000
0010
0000
0100
,
0001
0100
0000
0010
1000
0010
0000
0100
,
0001
0100
0000
0010
1000
0010
0000
0100
,
0001
0100
0000
0001
1000
0001
0000
0000
,
1000
0001
1000
0001
0100
0001
0100
0001
,
0010
0100
0010
0100
0001
0100
0001
0100
,
1000
0010
1000
0010
0100
0001
0100
0001
,
0100
0010
0100
0010
0001
0001
0001
0001
,
1001
0010
0100
0010
1000
0010
0100
0010
,
0011
1000
0100
0001
1000
0001
1000
0000
,
0011
1000
0100
1000
0001
1000
0100
1000
,
0010
1000
0001
1000
0010
1000
0001
1000
,
0001
0100
0010
0100
0001
0100
0010
0100
,
1000
0001
1000
0010
1000
0001
1000
0010
,
0100
0001
0100
0001
1000
0010
1000
0010
,
0100
0001
0100
0001
0100
1000
0010
1000
,
0001
0101
1000
0011
,
0100
1010
0100
1010
,
0001
0101
0001
0101
,
1000
0110
1000
0110
,
0001
0101
0001
0101
,
1000
0101
1000
0101
,
0010
0110
0010
0110
,
1000
0001
1000
0001
1000
0001
1000
0001
1000
0000
1000
0000
1000
0000
1000
0000
,
1000
0001
0110
0001
1000
0100
0001
0000
;

