#TITLE:The Race Against The Witch;
#SUBTITLE:;
#ARTIST:Luuk;
#TITLETRANSLIT:;
#SUBTITLETRANSLIT:;
#ARTISTTRANSLIT:;
#GENRE:;
#CREDIT:;
#BANNER:;
#BACKGROUND:;
#LYRICSPATH:;
#CDTITLE:;
#MUSIC:The Race Against The Witch.mp3;
#OFFSET:0.000;
#SAMPLESTART:99.720;
#SAMPLELENGTH:12.000;
#SELECTABLE:YES;
#BPMS:0.000=130.000;
#STOPS:;
#BGCHANGES:;
#KEYSOUNDS:;

//---------------dance-single - Blank----------------
#NOTES:
     dance-single:
     Blank:
     Beginner:
     1:
     0.151,0.163,0.005,0.000,0.000:
0000
0000
0000
0000
,
0000
0000
0000
0000
,
0000
0000
0000
0000
,
0000
0000
0000
0000
,
1000
0000
0001
0000
,
0010
0000
0100
0000
,
1000
0000
0010
0000
,
0100
0000
0001
0000
,
1000
0000
0010
0000
,
0100
0000
0010
0000
,
1000
0000
0001
0000
,
0100
0100
0100
0100
,
0001
0000
0010
0000
,
1000
0000
0001
0000
,
0100
0000
0010
0000
,
1000
0001
1000
0001
,
0100
0000
0000
0001
,
1000
0000
0010
0000
,
1000
0000
0001
0000
,
0100
0000
0000
0100
,
0010
0000
0000
1000
,
0001
0000
0000
0100
,
0010
0000
0000
1000
,
0001
0000
0000
0000
,
0100
0000
0000
1000
,
0001
0000
1000
0000
,
0001
0000
0010
0000
,
0100
0000
0000
0000
,
1000
0000
0000
0001
,
0100
0000
0001
0000
,
0100
0000
1000
0000
,
0010
0000
0000
0000
,
1000
1000
0000
0000
,
0100
0100
0000
0000
,
0010
0010
0000
0000
,
0001
0001
0000
0000
,
0100
0100
0000
0000
,
0001
0001
0000
0000
,
1000
1000
0000
0000
,
0010
0010
0000
0000
,
0100
0100
0000
0000
,
0010
0010
0000
0000
,
1000
1000
0000
0000
,
0001
0001
0000
0000
,
0100
0100
0000
0000
,
0010
0010
0000
0000
,
1000
1000
0000
0000
,
1000
1000
1000
1000
,
0001
0001
0000
0000
,
0100
0100
0000
0000
,
0010
0010
0000
0000
,
1000
1000
0000
0000
,
0001
0001
0000
0000
,
0100
0100
0000
0000
,
0010
0010
0000
0000
,
1000
1000
0000
0000
,
0001
0000
0001
0000
,
1000
0000
1000
0000
,
0100
0000
0100
0000
,
0010
0000
0010
0000
,
1000
0000
1000
0000
,
0001
0000
0001
0000
,
0100
0000
0100
0000
,
0010
0000
0010
0000
,
1000
0000
0001
0000
,
0100
0000
0010
0000
,
1000
0000
1000
0000
,
0001
0000
0100
0000
,
0010
0000
1000
0000
,
0100
0000
0010
0000
,
0001
0000
1000
0000
,
0100
0000
0010
0000
,
1000
0001
0000
0000
,
0010
0100
0000
0000
,
1000
0001
0000
0000
,
0010
1000
0000
0000
,
0001
0100
0000
0000
,
1000
0010
0000
0000
,
0001
0001
0000
0000
,
1000
1000
0000
0000
,
0001
0000
1000
0000
,
0100
0000
0100
0000
,
0001
0000
0001
0000
,
1000
0000
1000
0000
,
0001
0000
0001
0000
,
0100
0000
0100
0000
,
1000
0000
1000
0000
,
0001
0000
1000
0000
,
0001
0000
0100
0000
,
0001
0001
0001
0000
,
1000
0000
0100
0000
,
1000
0000
0000
0000
,
0010
0000
0000
0001
,
0100
0000
0000
1000
,
0100
0000
0000
1000
,
0001
0000
0100
0000
,
1000
0000
0000
0000
,
0001
0001
0001
0000
,
1000
0000
0001
0000
,
0100
0000
0000
1000
,
0001
0000
0000
0000
,
1000
0000
0010
0000
,
0100
0000
0010
0000
,
1001
0000
0000
0000
,
0000
0001
1000
0000
;


//---------------dance-single - Blank----------------
#NOTES:
     dance-single:
     Blank:
     Easy:
     1:
     0.046,0.043,0.000,0.000,0.000:
0000
0000
0000
0000
,
0000
0000
0000
0000
,
0000
0000
0000
0000
,
0000
0000
0000
0000
,
1000
0001
0000
0000
,
0010
0100
0000
0000
,
1000
0001
0100
0001
,
1000
0001
0000
0000
,
0001
0100
1000
0010
,
0100
0001
1000
0001
,
0100
0100
0001
0001
,
1000
1000
0100
0100
,
0001
1000
0001
1000
,
0100
0001
0100
0001
,
1000
0100
0010
0001
,
1000
1000
0001
0001
,
1000
0001
0100
0001
,
0010
0100
1000
0001
,
0100
0010
0001
1000
,
0100
0001
1000
0100
,
0010
1000
0010
1000
;


//---------------dance-single - Blank----------------
#NOTES:
     dance-single:
     Blank:
     Challenge:
     1:
     0.364,0.357,0.052,0.000,0.365:
0000
0000
0000
0000
,
0000
0000
0000
0000
,
0000
0000
0000
0000
,
0000
0000
0000
0000
,
1000
0100
0010
0001
1000
0000
0000
0000
0000
0000
0000
0000
0000
0000
0000
0000
,
1000
0100
0010
0100
1000
0000
0000
0000
0000
0000
0000
0000
0000
0000
0000
0000
,
0001
0010
0100
1000
0100
0010
0001
0000
0000
0000
0000
0000
0000
0000
0000
0000
,
0010
0100
1000
0100
0010
0000
0000
0000
0000
0000
0000
0000
0000
0000
0000
0000
,
1000
0001
1000
0001
1000
0000
0000
0000
1000
0100
0001
1000
0001
0000
0000
0000
,
0001
0100
0010
0100
0010
0100
1000
0000
0001
0100
0010
0100
0010
0000
0000
0000
,
1000
0100
0001
0100
0001
0100
0001
0000
1000
0010
1000
0010
1000
0000
0000
0000
,
0010
0001
0010
0001
0010
0001
0010
0000
1000
0100
0010
0100
1000
0000
0000
0000
,
0001
1000
0001
1000
0001
0000
0000
0000
0100
0001
0010
0001
0100
0000
0000
0000
,
1000
0001
0010
0001
0100
0001
1000
0000
0010
0100
0001
0100
0001
0000
0000
0000
,
1000
0100
0010
0100
0010
0100
0010
0000
1000
0001
1000
0001
1000
0000
0000
0000
,
0100
0001
0100
0001
0100
0001
0100
0000
1000
0100
0010
0100
1000
0000
0000
0000
,
1000
0001
0100
0001
0100
0001
1000
0100
,
0010
0001
0010
0001
0100
0000
0100
0001
,
0100
0010
0001
1000
0100
0000
0100
1000
,
0100
0001
0100
0001
0100
0001
0100
0001
,
1000
0001
0100
0001
0010
0001
1000
0100
,
0010
0100
0010
0100
0010
0100
0001
0010
,
1000
0010
1000
0010
1000
0010
0100
1000
,
0001
0100
0010
1000
0001
0000
0001
0000
,
0010
0000
0000
0000
1000
0100
0010
0001
1000
0000
0000
0000
1000
0000
0010
0000
,
0100
0000
0001
0000
1000
0100
0010
0100
1000
0000
0000
0000
0001
0000
0100
0000
,
1000
0001
0001
0010
0100
1000
0100
0010
,
0001
0000
0000
0000
0001
0100
0001
0100
0001
0000
0000
0000
1000
0000
0010
0000
,
0100
0000
0000
0000
0001
0010
0001
0010
0001
0000
1000
0000
0010
0000
0100
0000
,
0010
0100
0010
0001
0010
1000
0001
1000
,
0001
1000
0010
1000
0100
1000
0001
0100
,
0001
0000
0000
0000
0100
0010
0100
0010
0100
0000
0000
0000
0000
0000
0000
0000
,
1000
0100
1000
0100
1000
0100
1000
0000
0001
0010
0001
0010
0001
0010
0001
0000
,
0100
0010
0100
0010
0100
0010
0100
0000
0001
0000
0010
0100
0010
0000
0001
0000
,
1000
0100
1000
0100
1000
0100
1000
0000
0001
0010
0001
0010
0001
0010
0001
0000
,
1000
0100
1000
0000
0001
0010
0001
0000
0100
0010
0100
0000
0001
0000
0010
0000
,
1000
0010
1000
0010
1000
0010
1000
0000
0001
0100
0001
0100
0001
0100
0001
0000
,
1000
0010
1000
0010
1000
0010
1000
0000
0001
0000
0001
0010
0001
0000
0010
0000
,
0100
1000
0100
1000
0100
1000
0100
0000
0001
0100
0001
0100
0001
0100
0001
0000
,
1000
0001
1000
0000
0100
0001
0100
0000
0010
0001
0010
0000
1000
0000
0001
0000
,
0100
0010
0100
0010
0100
0010
0100
0000
0001
0010
0001
0010
0001
0010
0001
0000
,
1000
0100
1000
0100
1000
0100
1000
0000
0001
0000
0010
0001
0010
0000
0001
0000
,
1000
0010
1000
0010
1000
0010
1000
0000
0001
0100
0001
0100
0001
0100
0001
0000
,
0010
0100
0010
0000
0001
1000
0001
0000
0100
0010
0100
0000
1000
0000
0001
0000
,
1000
0010
1000
0010
1000
0010
1000
0000
0100
0010
0100
0010
0100
0010
0100
0000
,
0010
0001
0010
0001
0010
0001
0010
0000
1000
0000
0001
0010
0100
0000
1000
0000
,
0100
0001
0100
0001
0100
0001
0100
0000
0010
0001
0010
0001
0010
0001
0010
0000
,
0100
0010
0100
0000
0001
0010
0001
0000
1000
0100
1000
0000
0010
0000
0001
0000
,
1000
0001
0000
1010
0000
0101
0000
0001
,
1000
0000
0001
0010
0001
0000
1000
0100
1000
0000
0001
0010
0001
0000
0010
0100
,
1000
0011
0000
0101
0000
1100
0000
1001
,
0100
0000
0001
0010
0001
0000
1000
0100
1000
0000
0100
0010
0100
0000
0001
0010
,
0001
1010
0000
1010
0000
0011
0000
0011
,
1000
0000
0000
0000
;

